
1323					
345.858146	222.327647	350	224.550646	0.000131107	0.00025
283.001643	188.591568	345.858146	222.327647	0.000131102	0.00025
253.501412	172.758328	283.001643	188.591568	1.31E-04	0.00025
251.60857	171.74241	253.501412	172.758328	1.31E-04	0.00025
245.771384	168.6095	251.60857	171.74241	1.31E-04	0.00025
94.513049	87.42676	245.771384	168.6095	1.31E-04	0.00025
69.451715	73.975946	94.513049	87.42676	1.31E-04	0.00025
19.252576	47.033274	69.451715	73.975946	1.31E-04	0.00025
0	36.700112	19.252576	47.033274	1.31E-04	0.00025
314.682048	263.26104	350	278.576027	0.000136526	0.00025
269.140811	243.512912	314.682048	263.26104	0.000136527	0.00025
201.723972	214.278827	269.140811	243.512912	0.000136527	0.00025
196.327499	211.938744	201.723972	214.278827	0.00013653	0.00025
0	126.804898	196.327499	211.938744	0.000136524	0.00025
349.523817	260.69437	350	260.947658	0.000131425	0.00025
259.633622	212.880601	349.523817	260.69437	0.000131379	0.00025
236.958984	200.819665	259.633622	212.880601	1.31E-04	0.00025
229.980458	197.107695	236.958984	200.819665	0.000131381	0.00025
217.977544	190.723189	229.980458	197.107695	0.000131379	0.00025
202.441285	182.45925	217.977544	190.723189	0.000131378	0.00025
164.771506	162.422202	202.441285	182.45925	1.31E-04	0.00025
140.008575	149.250476	164.771506	162.422202	1.31E-04	0.00025
117.602197	137.332231	140.008575	149.250476	1.31E-04	0.00025
82.323922	118.567255	117.602197	137.332231	1.31E-04	0.00025
77.437711	115.968216	82.323922	118.567255	1.31E-04	0.00025
40.306785	96.217792	77.437711	115.968216	1.31E-04	0.00025
23.835923	87.456725	40.306785	96.217792	0.00013138	0.00025
13.362462	81.885754	23.835923	87.456725	0.000131378	0.00025
0	74.778086	13.362462	81.885754	0.000131381	0.00025
333.375066	230.850941	350	240.291515	0.000129398	0.00025
318.501275	222.404764	333.375066	230.850941	0.000129402	0.00025
311.327742	218.331227	318.501275	222.404764	1.29E-04	0.00025
308.795648	216.893361	311.327742	218.331227	1.29E-04	0.00025
281.445851	201.362605	308.795648	216.893361	1.29E-04	0.00025
265.996811	192.58977	281.445851	201.362605	1.29E-04	0.00025
256.942919	187.44846	265.996811	192.58977	1.29E-04	0.00025
185.132014	146.670181	256.942919	187.44846	0.000129394	0.00025
180.142997	143.837136	185.132014	146.670181	0.000129398	0.00025
174.696324	140.744208	180.142997	143.837136	0.000129393	0.00025
150.527026	127.019518	174.696324	140.744208	0.000129397	0.00025
65.018004	78.462676	150.527026	127.019518	0.000129396	0.00025
53.99795	72.204868	65.018004	78.462676	0.000129393	0.00025
27.703351	57.273313	53.99795	72.204868	0.000129417	0.00025
0	41.541789	27.703351	57.273313	0.000129436	0.00025
286.336907	115.538362	350	151.230739	1.97E-06	0.00025
266.665093	104.509463	286.336907	115.538362	1.02E-06	0.00025
266.665093	104.509463	212.323279	74.043011	4.66E-07	0.00025
212.323279	74.043011	206.663281	70.869763	4.98E-07	0.00025
206.663281	70.869763	147.415291	37.65269	5.76E-07	0.00025
147.415291	37.65269	110.649622	17.040211	3.20E-07	0.00025
318.119933	211.998799	350	229.512493	1.30E-04	0.00025
246.989595	172.922504	318.119933	211.998799	1.30E-04	0.00025
230.020186	163.600157	246.989595	172.922504	1.30E-04	0.00025
222.608048	159.528211	230.020186	163.600157	1.30E-04	0.00025
217.930665	156.958635	222.608048	159.528211	1.30E-04	0.00025
187.504991	140.24393	217.930665	156.958635	1.30E-04	0.00025
84.545211	83.681752	187.504991	140.24393	0.000130407	0.00025
59.979678	70.186385	84.545211	83.681752	1.30E-04	0.00025
8.171504	41.72495	59.979678	70.186385	0.000130474	0.00025
0	37.235837	8.171504	41.72495	0.00013049	0.00025
328.898624	239.892258	350	251.200748	0.000131162	0.00025
294.189319	221.291111	328.898624	239.892258	0.00013116	0.00025
275.602661	211.330291	294.189319	221.291111	0.000131159	0.00025
231.274011	187.574017	275.602661	211.330291	0.000131161	0.00025
219.797674	181.423705	231.274011	187.574017	0.000131163	0.00025
213.867549	178.245678	219.797674	181.423705	0.000131159	0.00025
182.883599	161.640994	213.867549	178.245678	1.31E-04	0.00025
141.719244	139.580506	182.883599	161.640994	1.31E-04	0.00025
83.239627	108.240553	141.719244	139.580506	1.31E-04	0.00025
59.936445	95.752089	83.239627	108.240553	1.31E-04	0.00025
34.314781	82.021121	59.936445	95.752089	1.31E-04	0.00025
18.098088	73.330394	34.314781	82.021121	1.31E-04	0.00025
0	63.631404	18.098088	73.330394	1.31E-04	0.00025
316.602587	235.097105	350	251.708927	1.33E-04	0.00025
272.181782	213.002265	316.602587	235.097105	1.33E-04	0.00025
242.779075	198.377403	272.181782	213.002265	1.33E-04	0.00025
188.64638	171.451883	242.779075	198.377403	0.000133237	0.00025
161.15077	157.775609	188.64638	171.451883	0.000133237	0.00025
127.382276	140.979212	161.15077	157.775609	0.000133236	0.00025
127.340816	140.958589	127.382276	140.979212	0.000133846	0.00025
82.323922	118.567255	127.340816	140.958589	0.000133236	0.00025
73.316231	114.086844	82.323922	118.567255	0.000133241	0.00025
59.644735	107.286662	73.316231	114.086844	0.000133235	0.00025
0	77.619463	59.644735	107.286662	0.000133237	0.00025
321.596811	174.853837	350	187.684015	0.000134831	0.00025
293.840955	162.316069	321.596811	174.853837	0.000134766	0.00025
250.232598	142.61747	293.840955	162.316069	0.000134578	0.00025
226.723352	131.997965	250.232598	142.61747	1.35E-04	0.00025
186.726713	113.930838	226.723352	131.997965	0.000135003	0.00025
185.734898	113.482819	186.726713	113.930838	0.000135578	0.00025
94.791817	72.402362	185.734898	113.482819	0.000136211	0.00025
89.458242	69.9931	94.791817	72.402362	0.000136355	0.00025
34.541517	45.186329	89.458242	69.9931	0.000136368	0.00025
23.711239	40.294118	34.541517	45.186329	1.37E-04	0.00025
12.443531	35.204313	23.711239	40.294118	1.36E-04	0.00025
0	29.583369	12.443531	35.204313	1.36E-04	0.00025
332.813398	317.730007	350	324.540341	1.41E-04	0.00025
302.514492	305.723814	332.813398	317.730007	1.43E-04	0.00025
301.040098	305.139573	302.514492	305.723814	1.44E-04	0.00025
272.172185	293.700422	301.040098	305.139573	1.46E-04	0.00025
161.258306	249.749875	272.172185	293.700422	1.48E-04	0.00025
151.308843	245.807317	161.258306	249.749875	1.48E-04	0.00025
83.422487	218.906784	151.308843	245.807317	1.50E-04	0.00025
77.667807	216.626445	83.422487	218.906784	1.38E-04	0.00025
67.787299	212.711211	77.667807	216.626445	1.28E-04	0.00025
66.480524	212.193391	67.787299	212.711211	1.19E-04	0.00025
55.984717	208.03434	66.480524	212.193391	1.16E-04	0.00025
39.980638	201.69259	55.984717	208.03434	1.07E-04	0.00025
28.704839	197.224461	39.980638	201.69259	1.06E-04	0.00025
1.053031	186.267202	28.704839	197.224461	9.93E-05	0.00025
0	185.84993	1.053031	186.267202	9.34E-05	0.00025
327.834395	320.479431	350	333.169342	1.36E-04	0.00025
327.326126	320.188445	327.834395	320.479431	1.34E-04	0.00025
315.221554	313.258522	327.326126	320.188445	0.000131093	0.00025
301.040098	305.139573	315.221554	313.258522	0.000128459	0.00025
299.029281	303.988371	301.040098	305.139573	0.000126665	0.00025
273.151091	289.172988	299.029281	303.988371	1.27E-04	0.00025
257.799518	280.384142	273.151091	289.172988	1.28E-04	0.00025
236.064291	267.940625	257.799518	280.384142	1.29E-04	0.00025
188.636947	240.788252	236.064291	267.940625	1.28E-04	0.00025
179.639669	235.637269	188.636947	240.788252	1.28E-04	0.00025
173.699384	232.236428	179.639669	235.637269	1.28E-04	0.00025
132.563602	208.686004	173.699384	232.236428	1.29E-04	0.00025
132.293833	208.53156	132.563602	208.686004	1.29E-04	0.00025
121.795229	202.521061	132.293833	208.53156	1.29E-04	0.00025
81.385913	179.386542	121.795229	202.521061	1.29E-04	0.00025
77.082252	176.922676	81.385913	179.386542	1.29E-04	0.00025
59.17418	166.670222	77.082252	176.922676	1.29E-04	0.00025
0	132.792732	59.17418	166.670222	1.29E-04	0.00025
274.088864	312.874997	350	343.575827	1.96E-04	0.00025
259.703066	307.056932	274.088864	312.874997	2.33E-04	0.00025
202.990136	284.120455	259.703066	307.056932	2.77E-04	0.00025
201.437391	283.492477	202.990136	284.120455	1.95E-04	0.00025
188.260823	278.163462	201.437391	283.492477	1.46E-04	0.00025
182.855025	275.977188	188.260823	278.163462	1.21E-04	0.00025
174.688291	272.674307	182.855025	275.977188	1.03E-04	0.00025
112.865547	247.671262	174.688291	272.674307	8.39E-05	0.00025
102.775033	243.590344	112.865547	247.671262	7.04E-05	0.00025
67.567626	229.351371	102.775033	243.590344	5.70E-05	0.00025
65.03313	228.326341	67.567626	229.351371	5.72E-05	0.00025
62.151806	227.161044	65.03313	228.326341	5.05E-05	0.00025
47.095273	221.071713	62.151806	227.161044	4.54E-05	0.00025
0	202.024916	47.095273	221.071713	3.71E-05	0.00025
347.463737	204.329959	350	205.650526	1.32E-04	0.00025
345.806481	203.467068	347.463737	204.329959	1.32E-04	0.00025
291.972391	175.437035	345.806481	203.467068	1.32E-04	0.00025
288.32074	173.535714	291.972391	175.437035	1.32E-04	0.00025
196.618522	125.788716	288.32074	173.535714	1.32E-04	0.00025
188.856763	121.747366	196.618522	125.788716	1.32E-04	0.00025
90.830818	70.707765	188.856763	121.747366	1.32E-04	0.00025
89.458242	69.9931	90.830818	70.707765	1.32E-04	0.00025
58.946289	54.106307	89.458242	69.9931	1.32E-04	0.00025
9.82062	28.527829	58.946289	54.106307	0.000133208	0.00025
0	23.414483	9.82062	28.527829	0.000133476	0.00025
269.4614	325.685875	298.29068	339.387121	1.72E-06	0.00025
267.725218	324.860746	269.4614	325.685875	1.11E-05	0.00025
194.26296	289.947473	267.725218	324.860746	1.80E-05	0.00025
171.271654	279.02075	194.26296	289.947473	1.90E-05	0.00025
151.526526	269.636788	171.271654	279.02075	2.50E-05	0.00025
87.198332	239.06452	151.526526	269.636788	2.63E-05	0.00025
63.760321	227.925498	87.198332	239.06452	2.59E-05	0.00025
62.151806	227.161044	63.760321	227.925498	3.40E-05	0.00025
35.071264	214.290893	62.151806	227.161044	3.91E-05	0.00025
0	197.623115	35.071264	214.290893	3.74E-05	0.00025
223.06494	320.30805	216.85404	316.805475	1.93E-06	0.00025
216.85404	316.805475	212.718432	314.473241	4.94E-06	0.00025
212.718432	314.473241	211.039077	313.526185	7.29E-06	0.00025
211.039077	313.526185	183.261577	297.861341	4.20E-06	0.00025
183.261577	297.861341	182.042228	297.173702	4.80E-06	0.00025
182.042228	297.173702	170.180146	290.484199	1.22E-06	0.00025
97.161537	249.306083	170.180146	290.484199	1.31E-06	0.00025
50.328991	222.895336	97.161537	249.306083	9.96E-06	0.00025
47.095273	221.071713	50.328991	222.895336	2.30E-05	0.00025
35.071264	214.290893	47.095273	221.071713	3.14E-05	0.00025
29.03305	210.885702	35.071264	214.290893	3.30E-05	0.00025
5.794106	197.780332	29.03305	210.885702	3.41E-05	0.00025
0	194.512804	5.794106	197.780332	4.70E-05	0.00025
290.38335	162.365995	350	190.805207	1.34E-04	0.00025
277.070039	156.015083	290.38335	162.365995	1.33E-04	0.00025
265.777998	150.628387	277.070039	156.015083	1.33E-04	0.00025
226.723352	131.997965	265.777998	150.628387	1.33E-04	0.00025
174.549752	107.109346	226.723352	131.997965	1.33E-04	0.00025
173.481193	106.599606	174.549752	107.109346	1.34E-04	0.00025
162.664937	101.439876	173.481193	106.599606	1.34E-04	0.00025
78.167697	61.131758	162.664937	101.439876	1.35E-04	0.00025
9.82062	28.527829	78.167697	61.131758	1.36E-04	0.00025
0	23.843052	9.82062	28.527829	1.36E-04	0.00025
304.470276	91.137876	350	110.425346	5.58E-08	0.00025
302.307458	90.221655	304.470276	91.137876	6.65E-08	0.00025
301.02681	89.679142	302.307458	90.221655	7.49E-08	0.00025
278.161094	79.992684	301.02681	89.679142	1.05E-07	0.00025
197.684105	45.900725	278.161094	79.992684	1.41E-07	0.00025
142.568742	22.552552	197.684105	45.900725	1.47E-07	0.00025
126.897658	15.913911	142.568742	22.552552	9.18E-08	0.00025
345.991993	229.618362	350	231.516386	1.34E-04	0.00025
274.434152	195.731573	345.991993	229.618362	1.34E-04	0.00025
256.942919	187.44846	274.434152	195.731573	1.34E-04	0.00025
194.437248	157.848398	256.942919	187.44846	1.34E-04	0.00025
150.195265	136.897253	194.437248	157.848398	1.34E-04	0.00025
114.885992	120.176264	150.195265	136.897253	1.34E-04	0.00025
101.279199	113.732658	114.885992	120.176264	1.34E-04	0.00025
79.538324	103.437092	101.279199	113.732658	1.34E-04	0.00025
34.314781	82.021121	79.538324	103.437092	1.34E-04	0.00025
0	65.771082	34.314781	82.021121	1.34E-04	0.00025
208.228343	312.501575	216.85404	316.805475	3.01E-06	0.00025
200.090337	308.441014	208.228343	312.501575	5.42E-06	0.00025
162.287834	289.578977	200.090337	308.441014	5.54E-06	0.00025
139.510667	278.214022	162.287834	289.578977	8.79E-06	0.00025
17.809145	217.48951	139.510667	278.214022	1.18E-05	0.00025
0	208.603412	17.809145	217.48951	1.39E-05	0.00025
308.795648	216.893361	350	232.477199	1.39E-04	0.00025
303.422944	214.861359	308.795648	216.893361	1.39E-04	0.00025
301.713026	214.214654	303.422944	214.861359	1.39E-04	0.00025
292.13474	210.592064	301.713026	214.214654	1.39E-04	0.00025
259.874467	198.390954	292.13474	210.592064	1.39E-04	0.00025
248.938751	194.254972	259.874467	198.390954	1.39E-04	0.00025
231.274011	187.574017	248.938751	194.254972	1.39E-04	0.00025
188.64638	171.451883	231.274011	187.574017	1.39E-04	0.00025
172.819874	165.466164	188.64638	171.451883	1.39E-04	0.00025
164.771506	162.422202	172.819874	165.466164	1.39E-04	0.00025
152.57798	157.810507	164.771506	162.422202	1.39E-04	0.00025
138.826381	152.609535	152.57798	157.810507	0.000139185	0.00025
126.795669	148.059417	138.826381	152.609535	0.000139185	0.00025
110.331636	141.832579	126.795669	148.059417	0.000139189	0.00025
53.191421	120.221662	110.331636	141.832579	0.000139186	0.00025
0	100.104213	53.191421	120.221662	0.000139187	0.00025
333.375066	230.850941	350	239.586233	0.000131729	0.00025
303.674057	215.245044	333.375066	230.850941	0.000131731	0.00025
301.713026	214.214654	303.674057	215.245044	0.000131733	0.00025
293.414144	209.854145	301.713026	214.214654	0.000131725	0.00025
254.989417	189.664518	293.414144	209.854145	0.00013173	0.00025
247.322315	185.635968	254.989417	189.664518	0.000131725	0.00025
194.437248	157.848398	247.322315	185.635968	0.000131729	0.00025
142.717775	130.67327	194.437248	157.848398	1.32E-04	0.00025
124.226119	120.95714	142.717775	130.67327	0.000131731	0.00025
108.175729	112.523732	124.226119	120.95714	1.32E-04	0.00025
85.060442	100.378193	108.175729	112.523732	1.32E-04	0.00025
55.064141	84.617141	85.060442	100.378193	1.32E-04	0.00025
0	55.684613	55.064141	84.617141	1.32E-04	0.00025
345.311802	246.292997	350	248.921523	1.30E-04	0.00025
314.082015	228.783432	345.311802	246.292997	1.30E-04	0.00025
300.42106	221.124161	314.082015	228.783432	1.30E-04	0.00025
268.089849	202.997061	300.42106	221.124161	1.30E-04	0.00025
259.874467	198.390954	268.089849	202.997061	1.30E-04	0.00025
254.747781	195.516581	259.874467	198.390954	1.30E-04	0.00025
216.959115	174.329657	254.747781	195.516581	1.30E-04	0.00025
204.4636	167.323812	216.959115	174.329657	1.30E-04	0.00025
171.841918	149.033855	204.4636	167.323812	1.30E-04	0.00025
150.195265	136.897253	171.841918	149.033855	1.30E-04	0.00025
131.647042	126.497844	150.195265	136.897253	1.30E-04	0.00025
116.041618	117.74837	131.647042	126.497844	1.30E-04	0.00025
101.689084	109.701353	116.041618	117.74837	1.30E-04	0.00025
85.060442	100.378193	101.689084	109.701353	1.30E-04	0.00025
64.137164	88.647165	85.060442	100.378193	1.30E-04	0.00025
0	52.687462	64.137164	88.647165	1.30E-04	0.00025
314.029973	296.324102	350	309.419023	1.40E-04	0.00025
261.825281	277.318936	314.029973	296.324102	1.41E-04	0.00025
236.064291	267.940625	261.825281	277.318936	1.42E-04	0.00025
205.687471	256.881915	236.064291	267.940625	1.42E-04	0.00025
201.001813	255.176097	205.687471	256.881915	1.43E-04	0.00025
198.216721	254.162182	201.001813	255.176097	1.44E-04	0.00025
196.718473	253.616743	198.216721	254.162182	1.44E-04	0.00025
86.361397	213.441149	196.718473	253.616743	1.46E-04	0.00025
52.287506	201.036518	86.361397	213.441149	1.48E-04	0.00025
44.658601	198.259208	52.287506	201.036518	1.36E-04	0.00025
37.148032	195.524979	44.658601	198.259208	1.26E-04	0.00025
19.170281	188.980162	37.148032	195.524979	1.17E-04	0.00025
16.9398	188.168154	19.170281	188.980162	1.12E-04	0.00025
3.376458	183.230406	16.9398	188.168154	1.09E-04	0.00025
0	182.001204	3.376458	183.230406	1.08E-04	0.00025
296.356822	341.122799	295.447482	340.600873	1.48E-05	0.00025
295.447482	340.600873	288.210183	336.446946	2.57E-05	0.00025
288.210183	336.446946	280.868017	332.232829	3.39E-05	0.00025
280.868017	332.232829	269.4614	325.685875	3.42E-05	0.00025
269.4614	325.685875	227.291937	301.482245	4.36E-05	0.00025
227.291937	301.482245	182.855025	275.977188	4.89E-05	0.00025
182.855025	275.977188	165.948281	266.273376	3.04E-05	0.00025
165.948281	266.273376	165.559699	266.050345	2.51E-05	0.00025
142.453628	252.78836	165.559699	266.050345	4.30E-06	0.00025
135.992201	249.079753	142.453628	252.78836	8.56E-06	0.00025
127.428183	244.16434	135.992201	249.079753	8.06E-06	0.00025
127.026726	243.93392	127.428183	244.16434	2.79E-05	0.00025
105.39839	231.520097	127.026726	243.93392	4.29E-05	0.00025
100.307217	228.597962	105.39839	231.520097	5.81E-05	0.00025
100.048088	228.449232	100.307217	228.597962	6.33E-05	0.00025
83.422487	218.906784	100.048088	228.449232	7.27E-05	0.00025
71.391486	212.001459	83.422487	218.906784	8.48E-05	0.00025
52.287506	201.036518	71.391486	212.001459	9.65E-05	0.00025
6.157454	174.559665	52.287506	201.036518	1.08E-04	0.00025
0	171.025526	6.157454	174.559665	1.14E-04	0.00025
310.916097	200.73732	350	217.742968	1.36E-04	0.00025
304.593555	197.986343	310.916097	200.73732	1.36E-04	0.00025
297.311448	194.817853	304.593555	197.986343	1.36E-04	0.00025
283.001643	188.591568	297.311448	194.817853	1.36E-04	0.00025
251.871614	175.0467	283.001643	188.591568	1.36E-04	0.00025
246.989595	172.922504	251.871614	175.0467	1.36E-04	0.00025
213.591194	158.390653	246.989595	172.922504	1.36E-04	0.00025
196.561259	150.980823	213.591194	158.390653	1.36E-04	0.00025
180.142997	143.837136	196.561259	150.980823	1.36E-04	0.00025
157.901493	134.15972	180.142997	143.837136	1.36E-04	0.00025
108.175729	112.523732	157.901493	134.15972	1.36E-04	0.00025
101.689084	109.701353	108.175729	112.523732	1.36E-04	0.00025
36.689227	81.419513	101.689084	109.701353	1.36E-04	0.00025
18.098088	73.330394	36.689227	81.419513	1.36E-04	0.00025
0	65.455804	18.098088	73.330394	1.36E-04	0.00025
308.298002	193.123337	350	208.85162	1.39E-04	0.00025
270.61861	178.912217	308.298002	193.123337	1.39E-04	0.00025
266.880503	177.502356	270.61861	178.912217	1.39E-04	0.00025
265.434572	176.95701	266.880503	177.502356	1.39E-04	0.00025
251.60857	171.74241	265.434572	176.95701	1.39E-04	0.00025
248.994898	170.75664	251.60857	171.74241	1.39E-04	0.00025
232.2731	164.449864	248.994898	170.75664	1.39E-04	0.00025
230.020186	163.600157	232.2731	164.449864	1.39E-04	0.00025
207.454582	155.089337	230.020186	163.600157	1.39E-04	0.00025
196.561259	150.980823	207.454582	155.089337	1.39E-04	0.00025
185.132014	146.670181	196.561259	150.980823	1.39E-04	0.00025
142.717775	130.67327	185.132014	146.670181	1.39E-04	0.00025
131.647042	126.497844	142.717775	130.67327	1.39E-04	0.00025
114.885992	120.176264	131.647042	126.497844	1.39E-04	0.00025
111.932698	119.062402	114.885992	120.176264	1.39E-04	0.00025
83.239627	108.240553	111.932698	119.062402	1.39E-04	0.00025
27.911645	87.373109	83.239627	108.240553	1.39E-04	0.00025
18.948909	83.992733	27.911645	87.373109	1.39E-04	0.00025
13.362462	81.885754	18.948909	83.992733	1.39E-04	0.00025
0	76.845982	13.362462	81.885754	1.39E-04	0.00025
349.523817	260.69437	350	260.950991	1.31E-04	0.00025
263.85889	214.528352	349.523817	260.69437	1.31E-04	0.00025
250.096065	207.111375	263.85889	214.528352	0.000130999	0.00025
243.803941	203.720462	250.096065	207.111375	0.000130993	0.00025
235.137687	199.050097	243.803941	203.720462	0.000130998	0.00025
209.577461	185.275337	235.137687	199.050097	0.000130997	0.00025
172.819874	165.466164	209.577461	185.275337	0.000130997	0.00025
150.818695	153.609423	172.819874	165.466164	0.000130996	0.00025
127.382276	140.979212	150.818695	153.609423	0.000130997	0.00025
127.351151	140.962438	127.382276	140.979212	1.31E-04	0.00025
100.544936	126.516197	127.351151	140.962438	1.31E-04	0.00025
47.402705	97.877111	100.544936	126.516197	1.31E-04	0.00025
27.911645	87.373109	47.402705	97.877111	1.31E-04	0.00025
0	72.331136	27.911645	87.373109	1.31E-04	0.00025
228.211466	50.054962	350	107.473288	1.32E-08	0.00025
223.18903	47.687088	228.211466	50.054962	9.38E-09	0.00025
217.028854	44.782817	223.18903	47.687088	7.65E-09	0.00025
213.90452	43.309821	217.028854	44.782817	1.51E-08	0.00025
213.90452	43.309821	183.708714	29.07373	4.68E-09	0.00025
183.708714	29.07373	135.150225	6.180383	1.94E-09	0.00025
331.880183	312.848333	350	322.03807	1.34E-04	0.00025
261.825281	277.318936	331.880183	312.848333	1.33E-04	0.00025
197.783848	244.839362	261.825281	277.318936	1.32E-04	0.00025
179.639669	235.637269	197.783848	244.839362	1.32E-04	0.00025
169.700824	230.596634	179.639669	235.637269	1.32E-04	0.00025
110.493799	200.568902	169.700824	230.596634	1.32E-04	0.00025
100.851984	195.678911	110.493799	200.568902	1.32E-04	0.00025
59.071016	174.489065	100.851984	195.678911	1.32E-04	0.00025
14.874309	152.074042	59.071016	174.489065	1.33E-04	0.00025
0	144.530312	14.874309	152.074042	1.33E-04	0.00025
306.479482	345.014531	313.329076	347.754901	1.73E-05	0.00025
303.123613	343.671923	306.479482	345.014531	1.73E-05	0.00025
296.629406	341.073735	303.123613	343.671923	1.92E-05	0.00025
295.447482	340.600873	296.629406	341.073735	2.96E-05	0.00025
279.522885	334.229796	295.447482	340.600873	4.06E-05	0.00025
251.268098	322.925685	279.522885	334.229796	3.20E-05	0.00025
170.180146	290.484199	251.268098	322.925685	2.87E-05	0.00025
163.118016	287.658798	170.180146	290.484199	2.62E-05	0.00025
148.648717	281.869953	163.118016	287.658798	2.27E-05	0.00025
143.081946	279.642812	148.648717	281.869953	1.92E-05	0.00025
139.510667	278.214022	143.081946	279.642812	1.62E-05	0.00025
28.937734	233.976251	139.510667	278.214022	1.32E-05	0.00025
10.730131	226.691794	28.937734	233.976251	1.08E-05	0.00025
0	222.398907	10.730131	226.691794	8.90E-06	0.00025
327.834395	320.479431	350	329.855709	1.45E-04	0.00025
325.53015	319.504712	327.834395	320.479431	1.47E-04	0.00025
301.141497	309.188062	325.53015	319.504712	1.46E-04	0.00025
258.855069	291.300471	301.141497	309.188062	1.47E-04	0.00025
165.567137	251.838722	258.855069	291.300471	1.44E-04	0.00025
151.308843	245.807317	165.567137	251.838722	1.42E-04	0.00025
71.391486	212.001459	151.308843	245.807317	1.40E-04	0.00025
62.901839	208.410251	71.391486	212.001459	1.28E-04	0.00025
51.585898	203.623492	62.901839	208.410251	1.20E-04	0.00025
29.848542	194.428369	51.585898	203.623492	1.11E-04	0.00025
29.017577	194.076862	29.848542	194.428369	1.09E-04	0.00025
3.376458	183.230406	29.017577	194.076862	0.000105394	0.00025
0	181.80213	3.376458	183.230406	0.000106208	0.00025
295.63202	70.80416	350	91.075177	7.18E-09	0.00025
253.465743	55.082529	295.63202	70.80416	8.10E-09	0.00025
252.341028	54.663181	253.465743	55.082529	4.34E-08	0.00025
199.5593	34.983596	252.341028	54.663181	1.39E-08	0.00025
196.702015	33.918262	198.868456	34.726016	2.25E-08	0.00025
183.708714	29.07373	193.708099	32.801985	9.76E-09	0.00025
167.045111	22.860732	183.708714	29.07373	2.93E-09	0.00025
326.077588	120.912577	350	132.060858	3.83E-07	0.00025
319.983964	118.072838	326.077588	120.912577	4.42E-07	0.00025
295.400145	106.61633	319.983964	118.072838	4.80E-07	0.00025
275.030036	97.123488	295.400145	106.61633	4.24E-07	0.00025
150.075256	38.892282	275.030036	97.123488	4.28E-07	0.00025
147.415291	37.65269	150.075256	38.892282	1.42E-07	0.00025
147.415291	37.65269	69.093409	1.153265	1.03E-07	0.00025
348.95876	231.214395	350	231.674794	1.36E-04	0.00025
281.445851	201.362605	348.95876	231.214395	1.36E-04	0.00025
254.989417	189.664518	281.445851	201.362605	1.36E-04	0.00025
238.359825	182.311508	254.989417	189.664518	1.36E-04	0.00025
238.175104	182.229831	238.359825	182.311508	1.36E-04	0.00025
204.4636	167.323812	238.175104	182.229831	1.36E-04	0.00025
141.719244	139.580506	204.4636	167.323812	1.36E-04	0.00025
47.402705	97.877111	141.719244	139.580506	1.36E-04	0.00025
28.955514	89.720424	47.402705	97.877111	1.36E-04	0.00025
23.835923	87.456725	28.955514	89.720424	1.36E-04	0.00025
0	76.917334	23.835923	87.456725	1.36E-04	0.00025
340.284927	275.495182	350	279.256128	1.39E-04	0.00025
324.697792	269.461014	340.284927	275.495182	1.39E-04	0.00025
305.033327	261.848411	324.697792	269.461014	1.39E-04	0.00025
279.394334	251.92292	305.033327	261.848411	1.39E-04	0.00025
239.416353	236.446449	279.394334	251.92292	1.39E-04	0.00025
183.286137	214.717047	239.416353	236.446449	1.39E-04	0.00025
59.17418	166.670222	183.286137	214.717047	1.39E-04	0.00025
23.978751	153.045197	59.17418	166.670222	1.39E-04	0.00025
0	143.762426	23.978751	153.045197	1.39E-04	0.00025
338.632172	292.877562	350	299.343257	1.29E-04	0.00025
296.8311	269.102311	338.632172	292.877562	1.29E-04	0.00025
284.322841	261.987972	296.8311	269.102311	1.29E-04	0.00025
270.833307	254.315511	284.322841	261.987972	1.29E-04	0.00025
239.416353	236.446449	270.833307	254.315511	1.29E-04	0.00025
227.366586	229.592887	239.416353	236.446449	1.29E-04	0.00025
196.327499	211.938744	227.366586	229.592887	1.29E-04	0.00025
194.990963	211.178561	196.327499	211.938744	1.29E-04	0.00025
172.402683	198.330995	194.990963	211.178561	1.29E-04	0.00025
171.403825	197.762873	172.402683	198.330995	1.29E-04	0.00025
138.782224	179.208642	171.403825	197.762873	1.29E-04	0.00025
63.51684	136.399849	138.782224	179.208642	1.29E-04	0.00025
53.167492	130.513437	63.51684	136.399849	1.29E-04	0.00025
13.197271	107.779522	53.167492	130.513437	1.29E-04	0.00025
0	100.273292	13.197271	107.779522	1.29E-04	0.00025
163.616726	322.850045	217.627813	347.122684	3.95E-07	0.00025
2.135209	250.28008	163.616726	322.850045	4.54E-07	0.00025
0	249.320515	2.135209	250.28008	7.12E-07	0.00025
310.916097	200.73732	350	221.35957	1.32E-04	0.00025
287.272481	188.26199	310.916097	200.73732	1.32E-04	0.00025
281.241799	185.079958	287.272481	188.26199	1.32E-04	0.00025
266.880503	177.502356	281.241799	185.079958	1.32E-04	0.00025
262.330383	175.101529	266.880503	177.502356	1.32E-04	0.00025
258.773781	173.224921	262.330383	175.101529	1.32E-04	0.00025
100.255482	89.584244	258.773781	173.224921	1.32E-04	0.00025
74.508222	75.998947	100.255482	89.584244	1.32E-04	0.00025
23.150928	48.900758	74.508222	75.998947	1.32E-04	0.00025
0	36.68539	23.150928	48.900758	1.32E-04	0.00025
207.287838	312.158728	223.06494	320.30805	1.93E-06	0.00025
200.090337	308.441014	207.287838	312.158728	3.74E-06	0.00025
182.722113	299.469832	200.090337	308.441014	3.63E-06	0.00025
167.315678	291.51197	182.722113	299.469832	3.48E-06	0.00025
148.648717	281.869953	167.315678	291.51197	7.07E-06	0.00025
45.513281	228.597564	148.648717	281.869953	1.06E-05	0.00025
0	205.088659	45.513281	228.597564	1.63E-05	0.00025
347.9141	114.740075	350	115.854974	4.40E-08	0.00025
301.961782	90.178879	347.9141	114.740075	5.50E-08	0.00025
301.02681	89.679142	301.961782	90.178879	4.91E-08	0.00025
301.02681	89.679142	220.370585	46.568949	1.20E-08	0.00025
220.370585	46.568949	217.028854	44.782817	1.37E-08	0.00025
217.028854	44.782817	208.49233	40.220103	1.08E-08	0.00025
208.49233	40.220103	201.388744	36.423286	6.47E-09	0.00025
201.388744	36.423286	196.702015	33.918262	9.80E-09	0.00025
196.702015	33.918262	174.306909	21.948233	6.15E-09	0.00025
174.306909	21.948233	145.121305	6.348729	3.15E-09	0.00025
297.501317	341.562809	296.629406	341.073735	1.17E-05	0.00025
296.629406	341.073735	289.462283	337.053539	2.21E-05	0.00025
289.462283	337.053539	280.868017	332.232829	2.87E-05	0.00025
280.868017	332.232829	267.725218	324.860746	2.84E-05	0.00025
267.725218	324.860746	222.924884	299.731263	3.53E-05	0.00025
222.924884	299.731263	174.688291	272.674307	3.49E-05	0.00025
174.688291	272.674307	157.494048	263.029681	1.62E-05	0.00025
146.160733	256.672578	157.494048	263.029681	1.49E-05	0.00025
115.895956	239.696405	146.160733	256.672578	1.95E-05	0.00025
104.014789	233.032	115.895956	239.696405	4.41E-05	0.00025
100.818227	231.238979	104.014789	233.032	5.05E-05	0.00025
92.046659	226.318815	100.818227	231.238979	5.13E-05	0.00025
79.630796	219.354486	92.046659	226.318815	6.53E-05	0.00025
69.313215	213.567131	79.630796	219.354486	7.48E-05	0.00025
67.787299	212.711211	69.313215	213.567131	7.83E-05	0.00025
51.585898	203.623492	67.787299	212.711211	8.70E-05	0.00025
37.148032	195.524979	51.585898	203.623492	9.55E-05	0.00025
0	174.687838	37.148032	195.524979	1.05E-04	0.00025
283.882557	114.451697	350	151.787443	2.00E-06	0.00025
265.316666	103.967756	283.882557	114.451697	9.31E-07	0.00025
265.316666	103.967756	212.323279	74.043011	5.58E-07	0.00025
212.323279	74.043011	206.804686	70.926727	5.34E-07	0.00025
206.804686	70.926727	150.075256	38.892282	6.04E-07	0.00025
150.075256	38.892282	112.903732	17.901958	3.29E-07	0.00025
177.905356	314.933104	223.263981	331.617236	2.70E-06	0.00025
115.531206	291.990201	177.905356	314.933104	3.76E-06	0.00025
78.831848	278.491183	115.531206	291.990201	2.39E-06	0.00025
67.766066	274.420888	78.831848	278.491183	1.36E-06	0.00025
2.135209	250.28008	67.766066	274.420888	9.99E-07	0.00025
0	249.494693	2.135209	250.28008	7.33E-07	0.00025
347.463737	204.329959	350	205.754641	1.30E-04	0.00025
346.629302	203.861236	347.463737	204.329959	1.30E-04	0.00025
325.346926	191.906392	346.629302	203.861236	1.29E-04	0.00025
316.386717	186.873218	325.346926	191.906392	1.29E-04	0.00025
229.907564	138.295712	316.386717	186.873218	1.29E-04	0.00025
229.135552	137.862053	229.907564	138.295712	1.29E-04	0.00025
185.734898	113.482819	229.135552	137.862053	1.28E-04	0.00025
173.481193	106.599606	185.734898	113.482819	1.28E-04	0.00025
169.505873	104.366569	173.481193	106.599606	1.27E-04	0.00025
119.305087	76.16753	169.505873	104.366569	1.27E-04	0.00025
115.341533	73.941103	119.305087	76.16753	1.32E-04	0.00025
97.319815	63.817852	115.341533	73.941103	1.32E-04	0.00025
0	9.150874	97.319815	63.817852	1.33E-04	0.00025
247.835448	255.76211	350	302.640437	1.35E-04	0.00025
196.439984	232.17924	247.835448	255.76211	1.35E-04	0.00025
81.385913	179.386542	196.439984	232.17924	1.35E-04	0.00025
68.84871	173.633831	81.385913	179.386542	1.35E-04	0.00025
23.978751	153.045197	68.84871	173.633831	1.35E-04	0.00025
0	142.042518	23.978751	153.045197	1.35E-04	0.00025
338.173434	271.256883	350	276.468755	1.36E-04	0.00025
251.24775	232.949442	338.173434	271.256883	1.36E-04	0.00025
171.403825	197.762873	251.24775	232.949442	1.36E-04	0.00025
167.549744	196.064411	171.403825	197.762873	1.36E-04	0.00025
42.149803	140.801677	167.549744	196.064411	1.36E-04	0.00025
0	122.226602	42.149803	140.801677	1.36E-04	0.00025
341.682312	134.646317	350	137.987803	1.19E-06	0.00025
266.665093	104.509463	341.682312	134.646317	1.93E-06	0.00025
265.316666	103.967756	266.665093	104.509463	3.40E-06	0.00025
242.125234	94.651004	265.316666	103.967756	4.90E-06	0.00025
210.124097	81.795108	242.125234	94.651004	7.43E-06	0.00025
79.8496	29.45961	210.124097	81.795108	1.29E-05	0.00025
338.173434	271.256883	350	277.524746	1.31E-04	0.00025
139.984296	166.220288	338.173434	271.256883	1.31E-04	0.00025
120.365422	155.822646	139.984296	166.220288	1.31E-04	0.00025
77.869309	133.300488	120.365422	155.822646	1.31E-04	0.00025
53.191421	120.221662	77.869309	133.300488	1.31E-04	0.00025
9.578175	97.107445	53.191421	120.221662	1.31E-04	0.00025
6.026323	95.225029	9.578175	97.107445	1.31E-04	0.00025
0	92.031188	6.026323	95.225029	1.31E-04	0.00025
345.321409	327.039298	350	328.82045	1.46E-04	0.00025
327.326126	320.188445	345.321409	327.039298	1.47E-04	0.00025
325.53015	319.504712	327.326126	320.188445	1.50E-04	0.00025
307.845148	312.771984	325.53015	319.504712	1.51E-04	0.00025
230.590557	283.360951	307.845148	312.771984	1.58E-04	0.00025
180.582561	264.322771	230.590557	283.360951	1.68E-04	0.00025
149.836609	252.617704	180.582561	264.322771	1.81E-04	0.00025
127.026726	243.93392	149.836609	252.617704	1.91E-04	0.00025
126.609485	243.775075	127.026726	243.93392	1.76E-04	0.00025
126.132176	243.593362	126.609485	243.775075	1.75E-04	0.00025
120.671211	241.514358	126.132176	243.593362	1.55E-04	0.00025
115.895956	239.696405	120.671211	241.514358	1.39E-04	0.00025
93.962179	231.346157	115.895956	239.696405	1.15E-04	0.00025
47.03989	213.482714	93.962179	231.346157	1.01E-04	0.00025
44.890775	212.66454	47.03989	213.482714	8.31E-05	0.00025
5.794106	197.780332	44.890775	212.66454	6.33E-05	0.00025
0	195.5745	5.794106	197.780332	5.04E-05	0.00025
304.593555	197.986343	350	223.478312	1.30E-04	0.00025
287.272481	188.26199	304.593555	197.986343	1.30E-04	0.00025
282.979229	185.851684	287.272481	188.26199	1.30E-04	0.00025
270.61861	178.912217	282.979229	185.851684	1.30E-04	0.00025
267.30471	177.051735	270.61861	178.912217	1.30E-04	0.00025
134.270409	102.363962	267.30471	177.051735	1.30E-04	0.00025
131.453373	100.782429	134.270409	102.363962	1.30E-04	0.00025
119.051275	93.819675	131.453373	100.782429	1.30E-04	0.00025
110.650348	89.103249	119.051275	93.819675	1.30E-04	0.00025
64.388486	63.131033	110.650348	89.103249	1.30E-04	0.00025
36.424959	47.431822	64.388486	63.131033	1.30E-04	0.00025
28.477208	42.969816	36.424959	47.431822	1.30E-04	0.00025
23.711239	40.294118	28.477208	42.969816	0.000130272	0.00025
0	26.982216	23.711239	40.294118	1.31E-04	0.00025
332.515429	96.42794	350	104.201486	1.09E-08	0.00025
264.850125	66.344312	332.515429	96.42794	1.27E-08	0.00025
228.211466	50.054962	264.850125	66.344312	1.56E-08	0.00025
224.639662	48.466957	228.211466	50.054962	2.66E-08	0.00025
220.370585	46.568949	224.639662	48.466957	1.11E-08	0.00025
216.948001	45.047287	220.370585	46.568949	2.78E-08	0.00025
216.948001	45.047287	167.045111	22.860732	3.81E-09	0.00025
308.298002	193.123337	350	209.47279	0.000138517	0.00025
267.30471	177.051735	308.298002	193.123337	1.39E-04	0.00025
262.330383	175.101529	267.30471	177.051735	0.000138538	0.00025
261.639861	174.830806	262.330383	175.101529	0.000138547	0.00025
245.771384	168.6095	261.639861	174.830806	0.000138561	0.00025
232.04726	163.228896	245.771384	168.6095	1.39E-04	0.00025
224.654594	160.330569	232.04726	163.228896	1.39E-04	0.00025
222.608048	159.528211	224.654594	160.330569	1.39E-04	0.00025
197.160235	149.551283	222.608048	159.528211	1.39E-04	0.00025
174.696324	140.744208	197.160235	149.551283	1.39E-04	0.00025
157.901493	134.15972	174.696324	140.744208	1.39E-04	0.00025
124.226119	120.95714	157.901493	134.15972	1.39E-04	0.00025
116.041618	117.74837	124.226119	120.95714	0.000138546	0.00025
84.906537	105.541724	116.041618	117.74837	1.39E-04	0.00025
79.538324	103.437092	84.906537	105.541724	1.39E-04	0.00025
59.936445	95.752089	79.538324	103.437092	1.39E-04	0.00025
0	72.25374	59.936445	95.752089	1.39E-04	0.00025
348.851469	334.694877	350	335.308908	1.48E-04	0.00025
307.845148	312.771984	348.851469	334.694877	1.40E-04	0.00025
301.141497	309.188062	307.845148	312.771984	1.33E-04	0.00025
291.390272	303.97484	301.141497	309.188062	1.33E-04	0.00025
272.172185	293.700422	291.390272	303.97484	1.30E-04	0.00025
199.369638	254.778557	272.172185	293.700422	1.29E-04	0.00025
198.216721	254.162182	199.369638	254.778557	1.29E-04	0.00025
188.04952	248.72657	198.216721	254.162182	1.29E-04	0.00025
182.923266	245.98596	188.04952	248.72657	1.29E-04	0.00025
102.88504	203.19574	182.923266	245.98596	1.30E-04	0.00025
98.671342	200.943003	102.88504	203.19574	1.30E-04	0.00025
70.365248	185.809933	98.671342	200.943003	1.31E-04	0.00025
49.758925	174.793334	70.365248	185.809933	1.31E-04	0.00025
0	148.191103	49.758925	174.793334	1.31E-04	0.00025
293.15192	240.944105	350	271.762895	1.31E-04	0.00025
194.616271	187.525423	293.15192	240.944105	1.31E-04	0.00025
172.033583	175.282774	194.616271	187.525423	1.31E-04	0.00025
139.335829	157.556489	172.033583	175.282774	1.31E-04	0.00025
110.331636	141.832579	139.335829	157.556489	1.31E-04	0.00025
84.092754	127.607814	110.331636	141.832579	1.31E-04	0.00025
77.583011	124.078716	84.092754	127.607814	1.31E-04	0.00025
67.872717	118.814519	77.583011	124.078716	1.31E-04	0.00025
0	82.018993	67.872717	118.814519	1.31E-04	0.00025
331.880183	312.848333	350	320.788936	1.37E-04	0.00025
257.799518	280.384142	331.880183	312.848333	1.38E-04	0.00025
222.148269	264.760781	257.799518	280.384142	1.38E-04	0.00025
206.322281	257.825397	222.148269	264.760781	1.38E-04	0.00025
199.369638	254.778557	206.322281	257.825397	1.38E-04	0.00025
196.718473	253.616743	199.369638	254.778557	1.37E-04	0.00025
0	167.409284	196.718473	253.616743	1.35E-04	0.00025
313.329076	347.754901	312.706917	347.408715	1.73E-05	0.00025
312.706917	347.408715	298.29068	339.387121	3.83E-05	0.00025
298.29068	339.387121	237.588081	305.610514	4.00E-05	0.00025
237.588081	305.610514	188.260823	278.163462	4.43E-05	0.00025
188.260823	278.163462	173.321618	269.850874	1.97E-05	0.00025
173.321618	269.850874	168.40943	267.117597	1.92E-05	0.00025
145.369416	254.297495	168.40943	267.117597	1.83E-05	0.00025
135.992201	249.079753	145.369416	254.297495	2.26E-05	0.00025
126.132176	243.593362	135.992201	249.079753	2.31E-05	0.00025
125.573463	243.282478	126.132176	243.593362	4.28E-05	0.00025
102.183821	230.267834	125.573463	243.282478	5.22E-05	0.00025
94.369626	225.919799	102.183821	230.267834	6.64E-05	0.00025
91.552606	224.352332	94.369626	225.919799	7.45E-05	0.00025
77.667807	216.626445	91.552606	224.352332	7.88E-05	0.00025
62.901839	208.410251	77.667807	216.626445	8.91E-05	0.00025
44.658601	198.259208	62.901839	208.410251	9.78E-05	0.00025
0	173.409926	44.658601	198.259208	1.07E-04	0.00025
255.680243	56.240781	350	100.801799	7.49E-09	0.00025
252.341028	54.663181	255.680243	56.240781	1.41E-08	0.00025
233.824769	45.915243	252.341028	54.663181	5.09E-09	0.00025
173.227143	17.286121	233.824769	45.915243	3.89E-09	0.00025
144.7641	3.838862	173.227143	17.286121	3.31E-09	0.00025
223.263981	331.617236	124.407975	281.946139	2.70E-06	0.00025
65.676947	252.436202	124.407975	281.946139	3.78E-06	0.00025
28.937734	233.976251	65.676947	252.436202	7.25E-06	0.00025
0	219.436224	28.937734	233.976251	9.69E-06	0.00025
347.9141	114.740075	350	115.861467	4.40E-08	0.00025
302.882936	90.531036	347.9141	114.740075	5.40E-08	0.00025
302.307458	90.221655	302.882936	90.531036	7.97E-08	0.00025
302.307458	90.221655	224.639662	48.466957	1.18E-08	0.00025
224.639662	48.466957	223.18903	47.687088	3.16E-08	0.00025
223.18903	47.687088	208.287615	39.675993	9.24E-09	0.00025
208.287615	39.675993	199.5593	34.983596	5.26E-09	0.00025
195.447786	32.77322	178.312843	23.561366	5.35E-09	0.00025
178.312843	23.561366	149.374033	8.003679	3.17E-09	0.00025
330.157387	194.280214	350	204.071963	1.33E-04	0.00025
325.346926	191.906392	330.157387	194.280214	1.33E-04	0.00025
291.972391	175.437035	325.346926	191.906392	1.33E-04	0.00025
282.877874	170.949157	291.972391	175.437035	1.33E-04	0.00025
174.591203	117.512852	282.877874	170.949157	1.33E-04	0.00025
158.820774	109.730606	174.591203	117.512852	1.33E-04	0.00025
64.388486	63.131033	158.820774	109.730606	1.34E-04	0.00025
46.757218	54.430518	64.388486	63.131033	1.34E-04	0.00025
9.409747	36.000633	46.757218	54.430518	1.34E-04	0.00025
7.483272	35.049974	9.409747	36.000633	1.34E-04	0.00025
0	31.357198	7.483272	35.049974	1.34E-04	0.00025
298.081274	65.873126	350	90.078928	2.73E-09	0.00025
282.289265	339.499353	307.041373	348.522356	2.29E-05	0.00025
222.280344	317.624017	282.289265	339.499353	3.20E-05	0.00025
211.039077	313.526185	222.280344	317.624017	2.75E-05	0.00025
210.249605	313.238395	211.039077	313.526185	2.44E-05	0.00025
208.228343	312.501575	210.249605	313.238395	2.14E-05	0.00025
207.287838	312.158728	208.228343	312.501575	1.90E-05	0.00025
124.407975	281.946139	207.287838	312.158728	1.71E-05	0.00025
95.326641	271.344983	124.407975	281.946139	1.07E-05	0.00025
39.848311	251.121205	95.326641	271.344983	6.45E-06	0.00025
0	236.595111	39.848311	251.121205	3.52E-06	0.00025
312.88828	323.257463	350	339.78863	1.62E-04	0.00025
284.253818	310.502435	312.88828	323.257463	1.65E-04	0.00025
180.582561	264.322771	284.253818	310.502435	1.50E-04	0.00025
117.702466	236.313256	180.582561	264.322771	1.38E-04	0.00025
100.048088	228.449232	117.702466	236.313256	1.32E-04	0.00025
99.464456	228.189257	100.048088	228.449232	1.22E-04	0.00025
94.369626	225.919799	99.464456	228.189257	1.22E-04	0.00025
79.630796	219.354486	94.369626	225.919799	1.14E-04	0.00025
66.897749	213.682637	79.630796	219.354486	1.04E-04	0.00025
39.980638	201.69259	66.897749	213.682637	9.82E-05	0.00025
10.233955	188.442131	39.980638	201.69259	9.95E-05	0.00025
0	183.883484	10.233955	188.442131	9.82E-05	0.00025
329.357635	78.044327	350	87.846125	2.28E-09	0.00025
163.616726	322.850045	90.943892	284.82812	5.91E-08	0.00025
90.943892	284.82812	78.831848	278.491183	4.95E-08	0.00025
0	237.246905	78.831848	278.491183	9.83E-07	0.00025
314.029973	296.324102	350	312.25502	1.37E-04	0.00025
197.783848	244.839362	314.029973	296.324102	1.36E-04	0.00025
188.636947	240.788252	197.783848	244.839362	1.36E-04	0.00025
114.66969	208.028579	188.636947	240.788252	1.36E-04	0.00025
98.671342	200.943003	114.66969	208.028579	1.36E-04	0.00025
39.12317	174.569459	98.671342	200.943003	1.36E-04	0.00025
35.792779	173.094449	39.12317	174.569459	1.36E-04	0.00025
0	157.242033	35.792779	173.094449	1.36E-04	0.00025
304.470276	91.137876	350	108.543897	5.66E-08	0.00025
302.882936	90.531036	304.470276	91.137876	6.13E-08	0.00025
301.961782	90.178879	302.882936	90.531036	1.06E-07	0.00025
283.926196	83.283871	301.961782	90.178879	1.43E-07	0.00025
251.669944	70.952302	283.926196	83.283871	2.05E-07	0.00025
179.600746	43.400236	251.669944	70.952302	2.55E-07	0.00025
177.554816	42.618077	179.600746	43.400236	4.28E-07	0.00025
149.657252	31.952834	177.554816	42.618077	5.86E-07	0.00025
112.903732	17.901958	149.657252	31.952834	7.53E-07	0.00025
110.649622	17.040211	112.903732	17.901958	4.10E-07	0.00025
69.093409	1.153265	110.649622	17.040211	1.03E-07	0.00025
347.50087	222.939346	350	224.339627	1.30E-04	0.00025
297.311448	194.817853	347.50087	222.939346	1.30E-04	0.00025
274.921714	182.272724	297.311448	194.817853	1.30E-04	0.00025
265.434572	176.95701	274.921714	182.272724	1.30E-04	0.00025
261.639861	174.830806	265.434572	176.95701	1.30E-04	0.00025
258.773781	173.224921	261.639861	174.830806	1.30E-04	0.00025
128.307045	100.123472	258.773781	173.224921	1.30E-04	0.00025
117.868407	94.274628	128.307045	100.123472	1.30E-04	0.00025
112.075469	91.028803	117.868407	94.274628	1.30E-04	0.00025
97.40458	82.808599	112.075469	91.028803	1.30E-04	0.00025
46.757218	54.430518	97.40458	82.808599	1.30E-04	0.00025
27.296062	43.526292	46.757218	54.430518	1.30E-04	0.00025
22.223386	40.684036	27.296062	43.526292	1.30E-04	0.00025
12.443531	35.204313	22.223386	40.684036	1.30E-04	0.00025
0	28.232113	12.443531	35.204313	1.30E-04	0.00025
274.088864	312.874997	350	349.688812	1.90E-04	0.00025
218.140922	285.742519	274.088864	312.874997	1.53E-04	0.00025
149.836609	252.617704	218.140922	285.742519	1.21E-04	0.00025
110.148072	233.370376	149.836609	252.617704	1.11E-04	0.00025
100.307217	228.597962	110.148072	233.370376	1.09E-04	0.00025
99.464456	228.189257	100.307217	228.597962	1.04E-04	0.00025
91.552606	224.352332	99.464456	228.189257	1.04E-04	0.00025
69.313215	213.567131	91.552606	224.352332	1.00E-04	0.00025
66.480524	212.193391	69.313215	213.567131	9.67E-05	0.00025
29.848542	194.428369	66.480524	212.193391	1.00E-04	0.00025
27.439197	193.259934	29.848542	194.428369	1.02E-04	0.00025
16.9398	188.168154	27.439197	193.259934	1.01E-04	0.00025
0	179.953039	16.9398	188.168154	1.04E-04	0.00025
293.15192	240.944105	350	273.483442	1.29E-04	0.00025
210.964931	193.901001	293.15192	240.944105	1.29E-04	0.00025
190.759758	182.335739	210.964931	193.901001	1.29E-04	0.00025
165.523358	167.890648	190.759758	182.335739	1.29E-04	0.00025
151.791022	160.03038	165.523358	167.890648	1.29E-04	0.00025
138.826381	152.609535	151.791022	160.03038	1.29E-04	0.00025
116.151453	139.630607	138.826381	152.609535	1.29E-04	0.00025
113.953665	138.372613	116.151453	139.630607	1.29E-04	0.00025
101.96009	131.507597	113.953665	138.372613	1.29E-04	0.00025
64.471007	110.049178	101.96009	131.507597	1.29E-04	0.00025
59.644735	107.286662	64.471007	110.049178	1.29E-04	0.00025
40.306785	96.217792	59.644735	107.286662	1.29E-04	0.00025
28.955514	89.720424	40.306785	96.217792	1.29E-04	0.00025
18.948909	83.992733	28.955514	89.720424	1.29E-04	0.00025
0	73.146545	18.948909	83.992733	0.000129149	0.00025
282.208437	159.095386	350	194.030002	1.32E-04	0.00025
273.973209	154.851576	282.208437	159.095386	1.31E-04	0.00025
265.777998	150.628387	273.973209	154.851576	1.31E-04	0.00025
250.232598	142.61747	265.777998	150.628387	1.31E-04	0.00025
207.784524	120.742962	250.232598	142.61747	1.30E-04	0.00025
126.11408	78.656226	207.784524	120.742962	1.29E-04	0.00025
97.319815	63.817852	126.11408	78.656226	1.37E-04	0.00025
96.705961	63.501519	97.319815	63.817852	1.36E-04	0.00025
0	13.666621	96.705961	63.501519	1.35E-04	0.00025
282.289265	339.499353	257.024762	326.001296	9.10E-06	0.00025
257.024762	326.001296	251.268098	322.925685	4.76E-06	0.00025
251.268098	322.925685	163.416873	275.98944	1.46E-06	0.00025
163.416873	275.98944	162.531111	275.516204	2.96E-06	0.00025
151.526526	269.636788	162.531111	275.516204	3.53E-06	0.00025
102.775033	243.590344	151.526526	269.636788	2.24E-06	0.00025
96.181019	240.067362	102.775033	243.590344	1.55E-05	0.00025
44.890775	212.66454	96.181019	240.067362	3.48E-05	0.00025
24.874245	201.970315	44.890775	212.66454	5.46E-05	0.00025
12.30372	195.254265	24.874245	201.970315	5.46E-05	0.00025
0	188.68076	12.30372	195.254265	6.77E-05	0.00025
256.08305	102.143454	350	152.557358	2.58E-06	0.00025
242.125234	94.651004	256.08305	102.143454	1.18E-06	0.00025
242.125234	94.651004	171.236829	56.598648	1.35E-06	0.00025
314.082015	228.783432	350	242.311464	1.39E-04	0.00025
294.189319	221.291111	314.082015	228.783432	1.39E-04	0.00025
272.181782	213.002265	294.189319	221.291111	1.39E-04	0.00025
235.137687	199.050097	272.181782	213.002265	1.39E-04	0.00025
232.697085	198.130877	235.137687	199.050097	1.39E-04	0.00025
229.980458	197.107695	232.697085	198.130877	1.39E-04	0.00025
226.365659	195.74623	229.980458	197.107695	1.39E-04	0.00025
190.759758	182.335739	226.365659	195.74623	1.39E-04	0.00025
172.033583	175.282774	190.759758	182.335739	1.39E-04	0.00025
120.365422	155.822646	172.033583	175.282774	1.39E-04	0.00025
53.167492	130.513437	120.365422	155.822646	1.39E-04	0.00025
0	110.488606	53.167492	130.513437	1.39E-04	0.00025
303.647791	343.925867	303.123613	343.671923	1.16E-06	0.00025
303.123613	343.671923	289.462283	337.053539	3.11E-06	0.00025
288.210183	336.446946	289.462283	337.053539	3.41E-06	0.00025
222.490908	304.608513	288.210183	336.446946	1.16E-05	0.00025
163.416873	275.98944	222.490908	304.608513	1.36E-05	0.00025
162.002798	275.304375	163.416873	275.98944	1.51E-05	0.00025
87.198332	239.06452	162.002798	275.304375	2.27E-05	0.00025
65.722853	228.660485	87.198332	239.06452	2.31E-05	0.00025
65.03313	228.326341	65.722853	228.660485	3.21E-05	0.00025
29.03305	210.885702	65.03313	228.326341	3.89E-05	0.00025
0	196.820319	29.03305	210.885702	3.79E-05	0.00025
339.535067	277.735002	350	282.553661	1.35E-04	0.00025
305.033327	261.848411	339.535067	277.735002	1.35E-04	0.00025
201.723972	214.278827	305.033327	261.848411	1.35E-04	0.00025
194.990963	211.178561	201.723972	214.278827	1.35E-04	0.00025
42.149803	140.801677	194.990963	211.178561	1.35E-04	0.00025
0	121.393477	42.149803	140.801677	1.35E-04	0.00025
321.596811	174.853837	350	186.217349	1.37E-04	0.00025
290.38335	162.365995	321.596811	174.853837	1.37E-04	0.00025
282.208437	159.095386	290.38335	162.365995	1.38E-04	0.00025
235.028404	140.219658	282.208437	159.095386	1.38E-04	0.00025
230.221802	138.296639	235.028404	140.219658	1.38E-04	0.00025
229.135552	137.862053	230.221802	138.296639	1.38E-04	0.00025
188.856763	121.747366	229.135552	137.862053	1.39E-04	0.00025
158.820774	109.730606	188.856763	121.747366	1.39E-04	0.00025
128.688377	97.675274	158.820774	109.730606	1.39E-04	0.00025
119.051275	93.819675	128.688377	97.675274	1.38E-04	0.00025
112.075469	91.028803	119.051275	93.819675	1.38E-04	0.00025
106.114003	88.643748	112.075469	91.028803	1.38E-04	0.00025
74.508222	75.998947	106.114003	88.643748	1.38E-04	0.00025
69.451715	73.975946	74.508222	75.998947	1.38E-04	0.00025
59.979678	70.186385	69.451715	73.975946	1.38E-04	0.00025
52.120547	67.042114	59.979678	70.186385	1.38E-04	0.00025
27.703351	57.273313	52.120547	67.042114	1.38E-04	0.00025
19.615953	54.037717	27.703351	57.273313	1.38E-04	0.00025
0	46.189791	19.615953	54.037717	1.38E-04	0.00025
345.311802	246.292997	350	248.12128	1.39E-04	0.00025
328.898624	239.892258	345.311802	246.292997	1.39E-04	0.00025
316.602587	235.097105	328.898624	239.892258	1.39E-04	0.00025
273.140086	218.147792	316.602587	235.097105	1.39E-04	0.00025
270.171835	216.990246	273.140086	218.147792	1.39E-04	0.00025
263.85889	214.528352	270.171835	216.990246	1.39E-04	0.00025
259.633622	212.880601	263.85889	214.528352	1.39E-04	0.00025
210.964931	193.901001	259.633622	212.880601	1.39E-04	0.00025
194.616271	187.525423	210.964931	193.901001	1.39E-04	0.00025
139.984296	166.220288	194.616271	187.525423	1.39E-04	0.00025
63.51684	136.399849	139.984296	166.220288	1.39E-04	0.00025
0	111.629834	63.51684	136.399849	1.39E-04	0.00025
286.336907	115.538362	350	143.725223	2.06E-06	0.00025
283.882557	114.451697	286.336907	115.538362	3.01E-06	0.00025
256.08305	102.143454	283.882557	114.451697	4.07E-06	0.00025
210.124097	81.795108	256.08305	102.143454	5.47E-06	0.00025
338.632172	292.877562	350	297.524448	1.38E-04	0.00025
247.835448	255.76211	338.632172	292.877562	1.38E-04	0.00025
166.871918	222.666224	247.835448	255.76211	1.38E-04	0.00025
133.641345	209.082389	166.871918	222.666224	1.38E-04	0.00025
132.293833	208.53156	133.641345	209.082389	1.38E-04	0.00025
100.851984	195.678911	132.293833	208.53156	1.38E-04	0.00025
49.758925	174.793334	100.851984	195.678911	1.38E-04	0.00025
0	154.453118	49.758925	174.793334	1.37E-04	0.00025
340.284927	275.495182	350	280.137456	1.34E-04	0.00025
314.682048	263.26104	340.284927	275.495182	1.34E-04	0.00025
251.24775	232.949442	314.682048	263.26104	1.34E-04	0.00025
138.782224	179.208642	251.24775	232.949442	1.34E-04	0.00025
0	112.892608	138.782224	179.208642	1.34E-04	0.00025
295.63202	70.80416	350	92.697386	7.11E-09	0.00025
243.011268	49.614518	295.63202	70.80416	7.35E-09	0.00025
233.824769	45.915243	243.011268	49.614518	1.05E-08	0.00025
181.702724	24.926424	233.824769	45.915243	9.27E-09	0.00025
178.312843	23.561366	181.702724	24.926424	1.43E-08	0.00025
149.503827	11.960378	174.306909	21.948233	3.90E-09	0.00025
135.150225	6.180383	149.503827	11.960378	3.37E-09	0.00025
346.629302	203.861236	350	205.475949	1.34E-04	0.00025
345.806481	203.467068	346.629302	203.861236	1.34E-04	0.00025
136.515994	103.207649	345.806481	203.467068	1.34E-04	0.00025
131.453373	100.782429	136.515994	103.207649	1.34E-04	0.00025
117.868407	94.274628	131.453373	100.782429	1.34E-04	0.00025
106.114003	88.643748	117.868407	94.274628	1.34E-04	0.00025
23.150928	48.900758	106.114003	88.643748	1.34E-04	0.00025
19.252576	47.033274	23.150928	48.900758	1.34E-04	0.00025
8.171504	41.72495	19.252576	47.033274	1.34E-04	0.00025
0	37.810437	8.171504	41.72495	1.34E-04	0.00025
345.321409	327.039298	350	329.368978	1.39E-04	0.00025
326.360348	317.597735	345.321409	327.039298	1.38E-04	0.00025
302.514492	305.723814	326.360348	317.597735	1.36E-04	0.00025
299.029281	303.988371	302.514492	305.723814	1.34E-04	0.00025
206.322281	257.825397	299.029281	303.988371	1.33E-04	0.00025
201.001813	255.176097	206.322281	257.825397	1.33E-04	0.00025
188.04952	248.72657	201.001813	255.176097	1.32E-04	0.00025
173.181721	241.323226	188.04952	248.72657	1.32E-04	0.00025
67.328288	188.614053	173.181721	241.323226	1.32E-04	0.00025
39.12317	174.569459	67.328288	188.614053	1.32E-04	0.00025
37.201433	173.612541	39.12317	174.569459	1.33E-04	0.00025
0	155.088278	37.201433	173.612541	1.33E-04	0.00025
268.312305	317.929481	291.931474	327.399656	2.19E-05	0.00025
237.588081	305.610514	268.312305	317.929481	5.99E-05	0.00025
227.291937	301.482245	237.588081	305.610514	6.42E-05	0.00025
222.924884	299.731263	227.291937	301.482245	6.96E-05	0.00025
179.838152	282.455512	222.924884	299.731263	6.92E-05	0.00025
171.271654	279.02075	179.838152	282.455512	5.93E-05	0.00025
162.531111	275.516204	171.271654	279.02075	5.33E-05	0.00025
162.002798	275.304375	162.531111	275.516204	4.68E-05	0.00025
97.161537	249.306083	162.002798	275.304375	3.92E-05	0.00025
50.294208	230.514491	97.161537	249.306083	3.05E-05	0.00025
45.513281	228.597564	50.294208	230.514491	2.49E-05	0.00025
22.898952	219.530283	45.513281	228.597564	1.92E-05	0.00025
17.809145	217.48951	22.898952	219.530283	1.66E-05	0.00025
0	210.348882	17.809145	217.48951	1.44E-05	0.00025
90.943892	284.82812	158.153375	315.006304	6.14E-07	0.00025
67.766066	274.420888	90.943892	284.82812	6.03E-07	0.00025
0	243.99279	67.766066	274.420888	9.63E-07	0.00025
309.445066	273.741629	350	288.657418	1.40E-04	0.00025
296.8311	269.102311	309.445066	273.741629	1.40E-04	0.00025
196.439984	232.17924	296.8311	269.102311	1.40E-04	0.00025
149.658193	214.973262	196.439984	232.17924	1.40E-04	0.00025
133.641345	209.082389	149.658193	214.973262	1.40E-04	0.00025
132.563602	208.686004	133.641345	209.082389	1.40E-04	0.00025
110.493799	200.568902	132.563602	208.686004	1.40E-04	0.00025
70.365248	185.809933	110.493799	200.568902	1.40E-04	0.00025
37.201433	173.612541	70.365248	185.809933	1.39E-04	0.00025
35.792779	173.094449	37.201433	173.612541	1.39E-04	0.00025
13.525686	164.904785	35.792779	173.094449	1.39E-04	0.00025
0	159.930143	13.525686	164.904785	1.39E-04	0.00025
337.280751	126.818379	350	133.523393	3.80E-07	0.00025
326.077588	120.912577	337.280751	126.818379	3.66E-07	0.00025
310.486698	112.693764	326.077588	120.912577	3.13E-07	0.00025
187.876927	48.059428	310.486698	112.693764	1.21E-07	0.00025
177.554816	42.618077	187.876927	48.059428	8.93E-08	0.00025
177.554816	42.618077	126.897658	15.913911	9.00E-08	0.00025
268.312305	317.929481	206.863066	286.124981	3.80E-05	0.00025
206.863066	286.124981	202.990136	284.120455	6.62E-05	0.00025
174.666775	269.461033	202.990136	284.120455	1.58E-05	0.00025
145.369416	254.297495	174.666775	269.461033	5.87E-05	0.00025
142.453628	252.78836	145.369416	254.297495	5.44E-05	0.00025
120.671211	241.514358	142.453628	252.78836	5.02E-05	0.00025
107.305764	234.596756	120.671211	241.514358	6.58E-05	0.00025
100.818227	231.238979	107.305764	234.596756	6.95E-05	0.00025
89.076442	225.161741	100.818227	231.238979	6.88E-05	0.00025
66.897749	213.682637	89.076442	225.161741	7.95E-05	0.00025
55.984717	208.03434	66.897749	213.682637	8.54E-05	0.00025
29.017577	194.076862	55.984717	208.03434	9.42E-05	0.00025
27.439197	193.259934	29.017577	194.076862	9.81E-05	0.00025
19.170281	188.980162	27.439197	193.259934	9.86E-05	0.00025
0	179.058132	19.170281	188.980162	1.03E-04	0.00025
270.171835	216.990246	350	257.1642	1.33E-04	0.00025
259.318748	211.528372	270.171835	216.990246	1.33E-04	0.00025
243.803941	203.720462	259.318748	211.528372	1.33E-04	0.00025
232.697085	198.130877	243.803941	203.720462	1.33E-04	0.00025
217.977544	190.723189	232.697085	198.130877	1.33E-04	0.00025
198.342816	180.841906	217.977544	190.723189	1.33E-04	0.00025
152.57798	157.810507	198.342816	180.841906	1.33E-04	0.00025
117.670501	140.24313	152.57798	157.810507	1.33E-04	0.00025
113.953665	138.372613	117.670501	140.24313	1.33E-04	0.00025
95.624944	129.148585	113.953665	138.372613	1.33E-04	0.00025
0	81.024818	95.624944	129.148585	1.33E-04	0.00025
284.858212	136.677423	350	160.486836	7.71E-05	0.00025
126.11408	78.656226	284.858212	136.677423	1.63E-04	0.00025
119.336203	76.178903	126.11408	78.656226	1.55E-04	0.00025
119.305087	76.16753	119.336203	76.178903	1.51E-04	0.00025
78.167697	61.131758	119.305087	76.16753	1.45E-04	0.00025
58.946289	54.106307	78.167697	61.131758	1.43E-04	0.00025
34.541517	45.186329	58.946289	54.106307	1.42E-04	0.00025
28.477208	42.969816	34.541517	45.186329	1.41E-04	0.00025
22.223386	40.684036	28.477208	42.969816	1.41E-04	0.00025
11.439195	36.742399	22.223386	40.684036	1.41E-04	0.00025
9.409747	36.000633	11.439195	36.742399	1.41E-04	0.00025
0	32.561358	9.409747	36.000633	1.40E-04	0.00025
284.858212	136.677423	350	170.746041	7.27E-05	0.00025
284.858212	136.677423	79.8496	29.45961	1.29E-05	0.00025
300.42106	221.124161	350	240.689069	1.38E-04	0.00025
275.602661	211.330291	300.42106	221.124161	1.38E-04	0.00025
242.779075	198.377403	275.602661	211.330291	1.38E-04	0.00025
209.577461	185.275337	242.779075	198.377403	1.38E-04	0.00025
202.441285	182.45925	209.577461	185.275337	1.38E-04	0.00025
198.342816	180.841906	202.441285	182.45925	1.38E-04	0.00025
180.747304	173.898342	198.342816	180.841906	1.38E-04	0.00025
165.523358	167.890648	180.747304	173.898342	1.38E-04	0.00025
139.335829	157.556489	165.523358	167.890648	1.38E-04	0.00025
77.869309	133.300488	139.335829	157.556489	1.38E-04	0.00025
13.197271	107.779522	77.869309	133.300488	1.38E-04	0.00025
0	102.571597	13.197271	107.779522	1.38E-04	0.00025
264.850125	66.344312	350	106.491115	1.22E-08	0.00025
208.287615	39.675993	264.850125	66.344312	8.33E-09	0.00025
203.989277	37.649396	208.287615	39.675993	1.10E-08	0.00025
201.388744	36.423286	193.708099	32.801985	6.13E-09	0.00025
193.708099	32.801985	149.503827	11.960378	1.07E-09	0.00025
217.627813	347.122684	158.153375	315.006304	3.95E-07	0.00025
158.153375	315.006304	115.531206	291.990201	1.01E-06	0.00025
39.848311	251.121205	115.531206	291.990201	3.67E-07	0.00025
0	229.602994	39.848311	251.121205	3.30E-06	0.00025
183.261577	297.861341	222.280344	317.624017	4.46E-06	0.00025
181.468211	296.953016	183.261577	297.861341	5.05E-06	0.00025
163.118016	287.658798	181.468211	296.953016	8.04E-06	0.00025
50.294208	230.514491	163.118016	287.658798	1.15E-05	0.00025
0	205.040899	50.294208	230.514491	1.71E-05	0.00025
308.60404	97.371986	350	116.581357	9.47E-08	0.00025
251.669944	70.952302	308.60404	97.371986	1.35E-07	0.00025
197.684105	45.900725	251.669944	70.952302	8.58E-08	0.00025
120.051025	9.875889	197.684105	45.900725	7.91E-08	0.00025
293.840955	162.316069	350	183.415533	1.38E-04	0.00025
277.070039	156.015083	293.840955	162.316069	1.39E-04	0.00025
273.973209	154.851576	277.070039	156.015083	1.39E-04	0.00025
235.028404	140.219658	273.973209	154.851576	1.39E-04	0.00025
230.856724	138.65232	235.028404	140.219658	1.39E-04	0.00025
229.907564	138.295712	230.856724	138.65232	1.40E-04	0.00025
196.618522	125.788716	229.907564	138.295712	1.40E-04	0.00025
174.591203	117.512852	196.618522	125.788716	0.000139925	0.00025
154.730507	110.051007	174.591203	117.512852	1.40E-04	0.00025
136.515994	103.207649	154.730507	110.051007	1.40E-04	0.00025
134.270409	102.363962	136.515994	103.207649	1.40E-04	0.00025
128.307045	100.123472	134.270409	102.363962	0.000139537	0.00025
100.255482	89.584244	128.307045	100.123472	1.40E-04	0.00025
94.513049	87.42676	100.255482	89.584244	1.39E-04	0.00025
84.545211	83.681752	94.513049	87.42676	0.000139436	0.00025
79.137233	81.649926	84.545211	83.681752	0.000139406	0.00025
53.99795	72.204868	79.137233	81.649926	0.00013937	0.00025
51.96823	71.442284	53.99795	72.204868	0.000139369	0.00025
0	51.917347	51.96823	71.442284	0.000139328	0.00025
332.813398	317.730007	350	325.956275	0.000137075	0.00025
273.151091	289.172988	332.813398	317.730007	1.36E-04	0.00025
222.148269	264.760781	273.151091	289.172988	1.35E-04	0.00025
205.687471	256.881915	222.148269	264.760781	1.35E-04	0.00025
182.923266	245.98596	205.687471	256.881915	1.34E-04	0.00025
173.181721	241.323226	182.923266	245.98596	1.33E-04	0.00025
37.523855	176.39137	173.181721	241.323226	1.33E-04	0.00025
13.525686	164.904785	37.523855	176.39137	1.33E-04	0.00025
0	158.430794	13.525686	164.904785	1.34E-04	0.00025
173.699384	232.236428	350	304.536629	1.38E-04	0.00025
169.700824	230.596634	173.699384	232.236428	1.38E-04	0.00025
114.66969	208.028579	169.700824	230.596634	1.38E-04	0.00025
102.88504	203.19574	114.66969	208.028579	1.38E-04	0.00025
67.328288	188.614053	102.88504	203.19574	1.37E-04	0.00025
37.523855	176.39137	67.328288	188.614053	1.37E-04	0.00025
0	161.002983	37.523855	176.39137	1.37E-04	0.00025
347.50087	222.939346	350	223.869945	1.39E-04	0.00025
345.858146	222.327647	347.50087	222.939346	1.39E-04	0.00025
324.844364	214.502768	345.858146	222.327647	1.39E-04	0.00025
318.119933	211.998799	324.844364	214.502768	1.39E-04	0.00025
302.267299	206.095771	318.119933	211.998799	1.39E-04	0.00025
274.434152	195.731573	302.267299	206.095771	1.39E-04	0.00025
265.996811	192.58977	274.434152	195.731573	1.39E-04	0.00025
247.322315	185.635968	265.996811	192.58977	1.39E-04	0.00025
238.259032	182.261084	247.322315	185.635968	1.39E-04	0.00025
238.175104	182.229831	238.259032	182.261084	1.40E-04	0.00025
216.959115	174.329657	238.175104	182.229831	1.39E-04	0.00025
182.883599	161.640994	216.959115	174.329657	1.39E-04	0.00025
153.622973	150.745248	182.883599	161.640994	1.39E-04	0.00025
127.351151	140.962438	153.622973	150.745248	1.39E-04	0.00025
127.340816	140.958589	127.351151	140.962438	0.000141678	0.00025
117.602197	137.332231	127.340816	140.958589	0.000139451	0.00025
101.96009	131.507597	117.602197	137.332231	0.000139455	0.00025
95.624944	129.148585	101.96009	131.507597	0.000139459	0.00025
67.872717	118.814519	95.624944	129.148585	0.000139454	0.00025
58.252929	115.232409	67.872717	118.814519	0.000139454	0.00025
24.167161	102.539929	58.252929	115.232409	0.000139454	0.00025
9.578175	97.107445	24.167161	102.539929	0.000139455	0.00025
0	93.54083	9.578175	97.107445	1.39E-04	0.00025
348.95876	231.214395	350	231.774551	1.31E-04	0.00025
345.991993	229.618362	348.95876	231.214395	1.31E-04	0.00025
302.267299	206.095771	345.991993	229.618362	1.31E-04	0.00025
213.591194	158.390653	302.267299	206.095771	0.000131041	0.00025
207.454582	155.089337	213.591194	158.390653	1.31E-04	0.00025
197.160235	149.551283	207.454582	155.089337	1.31E-04	0.00025
177.773173	139.121618	197.160235	149.551283	1.31E-04	0.00025
65.018004	78.462676	177.773173	139.121618	1.31E-04	0.00025
51.96823	71.442284	65.018004	78.462676	1.31E-04	0.00025
19.615953	54.037717	51.96823	71.442284	1.31E-04	0.00025
0	43.484915	19.615953	54.037717	1.31E-04	0.00025
318.501275	222.404764	350	238.162981	1.33E-04	0.00025
306.333003	216.317207	318.501275	222.404764	1.33E-04	0.00025
303.422944	214.861359	306.333003	216.317207	0.000133076	0.00025
293.414144	209.854145	303.422944	214.861359	0.000133081	0.00025
238.359825	182.311508	293.414144	209.854145	0.000133083	0.00025
238.259032	182.261084	238.359825	182.311508	1.33E-04	0.00025
171.841918	149.033855	238.259032	182.261084	1.33E-04	0.00025
111.932698	119.062402	171.841918	149.033855	1.33E-04	0.00025
101.279199	113.732658	111.932698	119.062402	1.33E-04	0.00025
84.906537	105.541724	101.279199	113.732658	1.33E-04	0.00025
36.689227	81.419513	84.906537	105.541724	1.33E-04	0.00025
0	63.064586	36.689227	81.419513	1.33E-04	0.00025
324.844364	214.502768	350	228.104318	1.31E-04	0.00025
251.871614	175.0467	324.844364	214.502768	1.31E-04	0.00025
232.2731	164.449864	251.871614	175.0467	1.31E-04	0.00025
224.654594	160.330569	232.2731	164.449864	1.31E-04	0.00025
220.662424	158.172019	224.654594	160.330569	1.31E-04	0.00025
187.504991	140.24393	220.662424	158.172019	1.31E-04	0.00025
79.137233	81.649926	187.504991	140.24393	1.31E-04	0.00025
52.120547	67.042114	79.137233	81.649926	1.31E-04	0.00025
0	38.860747	52.120547	67.042114	0.000130948	0.00025
210.249605	313.238395	212.718432	314.473241	2.34E-06	0.00025
182.722113	299.469832	210.249605	313.238395	5.40E-06	0.00025
165.138405	290.674901	182.722113	299.469832	5.55E-06	0.00025
143.081946	279.642812	165.138405	290.674901	8.73E-06	0.00025
22.898952	219.530283	143.081946	279.642812	1.17E-05	0.00025
0	208.0768	22.898952	219.530283	1.44E-05	0.00025
270.833307	254.315511	350	285.938229	0.000138205	0.00025
250.935964	246.367623	270.833307	254.315511	1.38E-04	0.00025
77.082252	176.922676	250.935964	246.367623	1.38E-04	0.00025
68.84871	173.633831	77.082252	176.922676	1.38E-04	0.00025
14.874309	152.074042	68.84871	173.633831	1.38E-04	0.00025
0	146.132577	14.874309	152.074042	1.38E-04	0.00025
324.697792	269.461014	350	281.278509	1.35E-04	0.00025
269.140811	243.512912	324.697792	269.461014	1.35E-04	0.00025
172.402683	198.330995	269.140811	243.512912	1.35E-04	0.00025
167.549744	196.064411	172.402683	198.330995	1.35E-04	0.00025
0	117.809655	167.549744	196.064411	1.35E-04	0.00025
337.280751	126.818379	350	133.249442	3.84E-07	0.00025
319.983964	118.072838	337.280751	126.818379	3.92E-07	0.00025
304.871735	110.431845	319.983964	118.072838	3.51E-07	0.00025
243.989411	79.648734	304.871735	110.431845	2.11E-07	0.00025
149.657252	31.952834	243.989411	79.648734	1.66E-07	0.00025
166.871918	222.666224	350	304.507755	0.000135938	0.00025
149.658193	214.973262	166.871918	222.666224	1.36E-04	0.00025
121.795229	202.521061	149.658193	214.973262	1.36E-04	0.00025
59.071016	174.489065	121.795229	202.521061	1.36E-04	0.00025
0	148.089715	59.071016	174.489065	1.36E-04	0.00025
309.445066	273.741629	350	292.715618	1.35E-04	0.00025
284.322841	261.987972	309.445066	273.741629	1.35E-04	0.00025
250.935964	246.367623	284.322841	261.987972	1.35E-04	0.00025
183.286137	214.717047	250.935964	246.367623	1.35E-04	0.00025
78.712726	165.791442	183.286137	214.717047	1.35E-04	0.00025
0	128.964989	78.712726	165.791442	1.35E-04	0.00025
329.357635	78.044327	342.456762	83.141854	3.71E-09	0.00025
298.081274	65.873126	329.357635	78.044327	3.10E-09	0.00025
204.380596	29.409492	298.081274	65.873126	7.25E-09	0.00025
173.227143	17.286121	204.380596	29.409492	9.35E-09	0.00025
157.810096	11.286574	173.227143	17.286121	9.44E-09	0.00025
149.374033	8.003679	157.810096	11.286574	5.75E-09	0.00025
348.851469	334.694877	350	335.125013	1.57E-04	0.00025
294.469035	314.328132	348.851469	334.694877	1.65E-04	0.00025
284.253818	310.502435	294.469035	314.328132	1.81E-04	0.00025
218.140922	285.742519	284.253818	310.502435	1.96E-04	0.00025
202.75941	279.981995	218.140922	285.742519	2.28E-04	0.00025
174.666775	269.461033	202.75941	279.981995	2.60E-04	0.00025
168.40943	267.117597	174.666775	269.461033	0.000217288	0.00025
165.559699	266.050345	168.40943	267.117597	1.80E-04	0.00025
165.248063	265.933634	165.559699	266.050345	1.50E-04	0.00025
157.494048	263.029681	165.248063	265.933634	1.37E-04	0.00025
103.509726	242.812033	157.494048	263.029681	1.06E-04	0.00025
96.181019	240.067362	103.509726	242.812033	8.64E-05	0.00025
67.567626	229.351371	96.181019	240.067362	6.71E-05	0.00025
65.722853	228.660485	67.567626	229.351371	6.69E-05	0.00025
63.760321	227.925498	65.722853	228.660485	5.78E-05	0.00025
50.328991	222.895336	63.760321	227.925498	4.97E-05	0.00025
0	204.046644	50.328991	222.895336	3.67E-05	0.00025
332.515429	96.42794	350	105.572907	1.06E-08	0.00025
255.680243	56.240781	332.515429	96.42794	6.61E-09	0.00025
243.011268	49.614518	253.465743	55.082529	4.41E-09	0.00025
204.380596	29.409492	243.011268	49.614518	1.19E-09	0.00025
273.140086	218.147792	350	254.958123	1.34E-04	0.00025
259.318748	211.528372	273.140086	218.147792	1.34E-04	0.00025
250.096065	207.111375	259.318748	211.528372	1.34E-04	0.00025
236.958984	200.819665	250.096065	207.111375	0.000134209	0.00025
226.365659	195.74623	236.958984	200.819665	1.34E-04	0.00025
180.747304	173.898342	226.365659	195.74623	1.34E-04	0.00025
151.791022	160.03038	180.747304	173.898342	1.34E-04	0.00025
126.795669	148.059417	151.791022	160.03038	0.00013421	0.00025
84.092754	127.607814	126.795669	148.059417	1.34E-04	0.00025
72.148316	121.887293	84.092754	127.607814	1.34E-04	0.00025
58.252929	115.232409	72.148316	121.887293	1.34E-04	0.00025
0	87.333476	58.252929	115.232409	1.34E-04	0.00025
282.979229	185.851684	350	215.62074	1.36E-04	0.00025
281.241799	185.079958	282.979229	185.851684	0.000135994	0.00025
274.921714	182.272724	281.241799	185.079958	0.000135986	0.00025
253.501412	172.758328	274.921714	182.272724	0.000135992	0.00025
248.994898	170.75664	253.501412	172.758328	0.000135999	0.00025
232.04726	163.228896	248.994898	170.75664	0.000136	0.00025
220.662424	158.172019	232.04726	163.228896	1.36E-04	0.00025
217.930665	156.958635	220.662424	158.172019	1.36E-04	0.00025
177.773173	139.121618	217.930665	156.958635	1.36E-04	0.00025
150.527026	127.019518	177.773173	139.121618	1.36E-04	0.00025
64.137164	88.647165	150.527026	127.019518	1.36E-04	0.00025
55.064141	84.617141	64.137164	88.647165	1.36E-04	0.00025
0	60.158939	55.064141	84.617141	1.36E-04	0.00025
177.905356	314.933104	95.326641	271.344983	1.06E-06	0.00025
42.950116	243.698702	95.326641	271.344983	3.14E-06	0.00025
10.730131	226.691794	42.950116	243.698702	6.63E-06	0.00025
0	221.028031	10.730131	226.691794	8.48E-06	0.00025
259.703066	307.056932	350	349.990315	1.97E-04	0.00025
202.75941	279.981995	259.703066	307.056932	1.53E-04	0.00025
127.428183	244.16434	202.75941	279.981995	1.21E-04	0.00025
126.609485	243.775075	127.428183	244.16434	1.01E-04	0.00025
125.573463	243.282478	126.609485	243.775075	1.02E-04	0.00025
107.305764	234.596756	125.573463	243.282478	9.24E-05	0.00025
104.014789	233.032	107.305764	234.596756	8.86E-05	0.00025
80.142244	221.681347	104.014789	233.032	8.22E-05	0.00025
28.704839	197.224461	80.142244	221.681347	8.92E-05	0.00025
10.233955	188.442131	28.704839	197.224461	9.57E-05	0.00025
0	183.576203	10.233955	188.442131	9.71E-05	0.00025
320.002838	188.59167	350	202.846911	0.000134024	0.00025
316.386717	186.873218	320.002838	188.59167	1.34E-04	0.00025
288.32074	173.535714	316.386717	186.873218	1.34E-04	0.00025
282.877874	170.949157	288.32074	173.535714	1.34E-04	0.00025
154.730507	110.051007	282.877874	170.949157	1.34E-04	0.00025
128.688377	97.675274	154.730507	110.051007	1.34E-04	0.00025
110.650348	89.103249	128.688377	97.675274	1.35E-04	0.00025
97.40458	82.808599	110.650348	89.103249	1.35E-04	0.00025
0	36.520026	97.40458	82.808599	1.35E-04	0.00025
312.88828	323.257463	350	341.248584	1.60E-04	0.00025
294.469035	314.328132	312.88828	323.257463	1.56E-04	0.00025
230.590557	283.360951	294.469035	314.328132	1.41E-04	0.00025
198.338577	267.725749	230.590557	283.360951	1.31E-04	0.00025
165.567137	251.838722	198.338577	267.725749	1.25E-04	0.00025
161.258306	249.749875	165.567137	251.838722	1.27E-04	0.00025
86.361397	213.441149	161.258306	249.749875	1.26E-04	0.00025
6.157454	174.559665	86.361397	213.441149	1.25E-04	0.00025
0	171.574638	6.157454	174.559665	1.19E-04	0.00025
326.360348	317.597735	350	326.806766	1.44E-04	0.00025
315.221554	313.258522	326.360348	317.597735	1.46E-04	0.00025
291.390272	303.97484	315.221554	313.258522	1.49E-04	0.00025
258.855069	291.300471	291.390272	303.97484	1.51E-04	0.00025
198.338577	267.725749	258.855069	291.300471	1.54E-04	0.00025
117.702466	236.313256	198.338577	267.725749	1.59E-04	0.00025
110.148072	233.370376	117.702466	236.313256	1.65E-04	0.00025
105.39839	231.520097	110.148072	233.370376	0.000166813	0.00025
102.183821	230.267834	105.39839	231.520097	1.52E-04	0.00025
92.046659	226.318815	102.183821	230.267834	1.37E-04	0.00025
89.076442	225.161741	92.046659	226.318815	1.23E-04	0.00025
80.142244	221.681347	89.076442	225.161741	1.13E-04	0.00025
49.196964	209.626346	80.142244	221.681347	1.06E-04	0.00025
12.30372	195.254265	49.196964	209.626346	9.31E-05	0.00025
10.861992	194.692627	12.30372	195.254265	8.01E-05	0.00025
0	190.461244	10.861992	194.692627	7.03E-05	0.00025
311.327742	218.331227	350	233.924979	1.38E-04	0.00025
306.333003	216.317207	311.327742	218.331227	1.38E-04	0.00025
303.674057	215.245044	306.333003	216.317207	1.38E-04	0.00025
292.13474	210.592064	303.674057	215.245044	1.38E-04	0.00025
254.747781	195.516581	292.13474	210.592064	1.38E-04	0.00025
228.643366	184.99054	254.747781	195.516581	1.38E-04	0.00025
219.797674	181.423705	228.643366	184.99054	0.000138014	0.00025
161.15077	157.775609	219.797674	181.423705	1.38E-04	0.00025
150.818695	153.609423	161.15077	157.775609	1.38E-04	0.00025
140.008575	149.250476	150.818695	153.609423	1.38E-04	0.00025
117.670501	140.24313	140.008575	149.250476	1.38E-04	0.00025
116.151453	139.630607	117.670501	140.24313	1.38E-04	0.00025
77.583011	124.078716	116.151453	139.630607	1.38E-04	0.00025
72.148316	121.887293	77.583011	124.078716	1.38E-04	0.00025
24.167161	102.539929	72.148316	121.887293	1.38E-04	0.00025
6.026323	95.225029	24.167161	102.539929	1.38E-04	0.00025
0	92.795044	6.026323	95.225029	1.38E-04	0.00025
339.535067	277.735002	350	282.226495	1.37E-04	0.00025
279.394334	251.92292	339.535067	277.735002	1.37E-04	0.00025
227.366586	229.592887	279.394334	251.92292	0.00013675	0.00025
78.712726	165.791442	227.366586	229.592887	1.37E-04	0.00025
0	132.008359	78.712726	165.791442	1.37E-04	0.00025
341.682312	134.646317	350	139.328876	1.12E-06	0.00025
283.067397	101.648232	341.682312	134.646317	3.79E-07	0.00025
283.067397	101.648232	275.030036	97.123488	5.65E-08	0.00025
275.030036	97.123488	243.989411	79.648734	6.14E-08	0.00025
243.989411	79.648734	187.876927	48.059428	1.62E-08	0.00025
179.600746	43.400236	187.876927	48.059428	1.10E-08	0.00025
179.600746	43.400236	142.568742	22.552552	1.36E-07	0.00025
142.568742	22.552552	120.051025	9.875889	7.86E-08	0.00025
330.157387	194.280214	350	205.395978	1.29E-04	0.00025
320.002838	188.59167	330.157387	194.280214	1.29E-04	0.00025
230.856724	138.65232	320.002838	188.59167	1.29E-04	0.00025
230.221802	138.296639	230.856724	138.65232	0.000128748	0.00025
186.726713	113.930838	230.221802	138.296639	1.28E-04	0.00025
174.549752	107.109346	186.726713	113.930838	1.28E-04	0.00025
170.131267	104.634125	174.549752	107.109346	1.27E-04	0.00025
119.336203	76.178903	170.131267	104.634125	0.000126689	0.00025
115.341533	73.941103	119.336203	76.178903	0.000131755	0.00025
96.705961	63.501519	115.341533	73.941103	0.000131758	0.00025
0	9.327168	96.705961	63.501519	0.000132674	0.00025
291.931474	327.399656	206.863066	286.124981	2.19E-05	0.00025
201.437391	283.492477	206.863066	286.124981	6.30E-06	0.00025
173.321618	269.850874	201.437391	283.492477	5.55E-05	0.00025
165.948281	266.273376	173.321618	269.850874	5.50E-05	0.00025
165.248063	265.933634	165.948281	266.273376	4.98E-05	0.00025
146.160733	256.672578	165.248063	265.933634	6.27E-05	0.00025
93.962179	231.346157	146.160733	256.672578	5.81E-05	0.00025
49.196964	209.626346	93.962179	231.346157	7.21E-05	0.00025
1.053031	186.267202	49.196964	209.626346	8.46E-05	0.00025
0	185.756278	1.053031	186.267202	9.04E-05	0.00025
306.479482	345.014531	312.706917	347.408715	2.10E-05	0.00025
303.647791	343.925867	306.479482	345.014531	2.09E-05	0.00025
297.501317	341.562809	303.647791	343.925867	2.21E-05	0.00025
296.356822	341.122799	297.501317	341.562809	3.39E-05	0.00025
282.643707	335.85069	296.356822	341.122799	4.86E-05	0.00025
257.024762	326.001296	282.643707	335.85069	3.54E-05	0.00025
182.042228	297.173702	257.024762	326.001296	3.10E-05	0.00025
181.468211	296.953016	182.042228	297.173702	2.74E-05	0.00025
167.315678	291.51197	181.468211	296.953016	2.45E-05	0.00025
165.138405	290.674901	167.315678	291.51197	2.09E-05	0.00025
162.287834	289.578977	165.138405	290.674901	1.77E-05	0.00025
65.676947	252.436202	162.287834	289.578977	1.45E-05	0.00025
42.950116	243.698702	65.676947	252.436202	1.10E-05	0.00025
0	227.18621	42.950116	243.698702	7.49E-06	0.00025
268.089849	202.997061	350	240.387389	0.000135371	0.00025
248.938751	194.254972	268.089849	202.997061	0.000135373	0.00025
228.643366	184.99054	248.938751	194.254972	0.00013537	0.00025
213.867549	178.245678	228.643366	184.99054	0.000135373	0.00025
153.622973	150.745248	213.867549	178.245678	0.000135371	0.00025
100.544936	126.516197	153.622973	150.745248	0.000135372	0.00025
77.437711	115.968216	100.544936	126.516197	0.000135372	0.00025
73.316231	114.086844	77.437711	115.968216	0.000135375	0.00025
64.471007	110.049178	73.316231	114.086844	0.000135371	0.00025
0	80.619467	64.471007	110.049178	0.000135372	0.00025
307.041373	348.522356	282.643707	335.85069	2.29E-05	0.00025
282.643707	335.85069	279.522885	334.229796	9.60E-06	0.00025
279.522885	334.229796	222.490908	304.608513	1.00E-06	0.00025
222.490908	304.608513	194.26296	289.947473	3.00E-06	0.00025
194.26296	289.947473	179.838152	282.455512	3.96E-06	0.00025
112.865547	247.671262	179.838152	282.455512	5.98E-06	0.00025
103.509726	242.812033	112.865547	247.671262	1.96E-05	0.00025
47.03989	213.482714	103.509726	242.812033	3.94E-05	0.00025
24.874245	201.970315	47.03989	213.482714	5.72E-05	0.00025
10.861992	194.692627	24.874245	201.970315	5.72E-05	0.00025
0	189.051123	10.861992	194.692627	6.70E-05	0.00025
308.60404	97.371986	350	121.004157	9.07E-08	0.00025
283.926196	83.283871	308.60404	97.371986	4.95E-08	0.00025
283.926196	83.283871	278.161094	79.992684	1.57E-08	0.00025
278.161094	79.992684	216.948001	45.047287	5.10E-08	0.00025
216.948001	45.047287	213.90452	43.309821	2.97E-08	0.00025
213.90452	43.309821	208.49233	40.220103	2.51E-08	0.00025
208.49233	40.220103	203.989277	37.649396	1.00E-08	0.00025
203.989277	37.649396	198.868456	34.726016	1.77E-08	0.00025
195.447786	32.77322	181.702724	24.926424	9.87E-09	0.00025
181.702724	24.926424	157.810096	11.286574	3.79E-09	0.00025
157.810096	11.286574	144.7641	3.838862	3.47E-09	0.00025
310.486698	112.693764	350	128.611217	3.67E-07	0.00025
304.871735	110.431845	310.486698	112.693764	5.59E-07	0.00025
295.400145	106.61633	304.871735	110.431845	6.94E-07	0.00025
283.067397	101.648232	295.400145	106.61633	7.56E-07	0.00025
206.804686	70.926727	283.067397	101.648232	1.19E-06	0.00025
206.663281	70.869763	206.804686	70.926727	1.02E-06	0.00025
171.236829	56.598648	206.663281	70.869763	1.35E-06	0.00025
207.784524	120.742962	350	181.585662	0.000135605	0.00025
170.131267	104.634125	207.784524	120.742962	0.000136906	0.00025
169.505873	104.366569	170.131267	104.634125	0.000137592	0.00025
162.664937	101.439876	169.505873	104.366569	0.000138273	0.00025
94.791817	72.402362	162.664937	101.439876	1.38E-04	0.00025
90.830818	70.707765	94.791817	72.402362	1.38E-04	0.00025
36.424959	47.431822	90.830818	70.707765	1.38E-04	0.00025
27.296062	43.526292	36.424959	47.431822	1.38E-04	0.00025
11.439195	36.742399	27.296062	43.526292	1.37E-04	0.00025
7.483272	35.049974	11.439195	36.742399	1.37E-04	0.00025
0	31.848477	7.483272	35.049974	1.37E-04	0.00025
